------------------------------------------------------------------------------------------------------------------------------------------------------------------------------------------------------------------------------------------------------------------------------------------------------------------------------------------------------------------------------------------------------------------------------------------------------------------------------------------------------------------------------------------------------------------------------------------------------------------------------------------------------------------------------------------------------------------------------------------------------------------------------------------------------------------------------------------------------------------------------------------
|     |    2 |    3 |    5 |    7 |   11 |   13 |   17 |    19 |    23 |    29 |    31 |    37 |    41 |    43 |    47 |    53 |    59 |    61 |    67 |    71 |    73 |    79 |    83 |    89 |    97 |   101 |   103 |   107 |   109 |   113 |   127 |   131 |   137 |   139 |   149 |   151 |   157 |   163 |   167 |   173 |   179 |   181 |    191 |    193 |    197 |    199 |    211 |    223 |    227 |    229 |    233 |    239 |    241 |    251 |    257 |    263 |    269 |    271 |    277 |    281 |    283 |    293 |    307 |    311 |    313 |    317 |    331 |    337 |    347 |    349 |    353 |    359 |    367 |    373 |    379 |    383 |    389 |    397 |    401 |    409 |    419 |    421 |    431 |    433 |    439 |    443 |    449 |    457 |    461 |    463 |    467 |    479 |    487 |    491 |    499 |    503 |    509 |    521 |    523 |    541 |
|   2 |    4 |    6 |   10 |   14 |   22 |   26 |   34 |    38 |    46 |    58 |    62 |    74 |    82 |    86 |    94 |   106 |   118 |   122 |   134 |   142 |   146 |   158 |   166 |   178 |   194 |   202 |   206 |   214 |   218 |   226 |   254 |   262 |   274 |   278 |   298 |   302 |   314 |   326 |   334 |   346 |   358 |   362 |    382 |    386 |    394 |    398 |    422 |    446 |    454 |    458 |    466 |    478 |    482 |    502 |    514 |    526 |    538 |    542 |    554 |    562 |    566 |    586 |    614 |    622 |    626 |    634 |    662 |    674 |    694 |    698 |    706 |    718 |    734 |    746 |    758 |    766 |    778 |    794 |    802 |    818 |    838 |    842 |    862 |    866 |    878 |    886 |    898 |    914 |    922 |    926 |    934 |    958 |    974 |    982 |    998 |   1006 |   1018 |   1042 |   1046 |   1082 |
|   3 |    6 |    9 |   15 |   21 |   33 |   39 |   51 |    57 |    69 |    87 |    93 |   111 |   123 |   129 |   141 |   159 |   177 |   183 |   201 |   213 |   219 |   237 |   249 |   267 |   291 |   303 |   309 |   321 |   327 |   339 |   381 |   393 |   411 |   417 |   447 |   453 |   471 |   489 |   501 |   519 |   537 |   543 |    573 |    579 |    591 |    597 |    633 |    669 |    681 |    687 |    699 |    717 |    723 |    753 |    771 |    789 |    807 |    813 |    831 |    843 |    849 |    879 |    921 |    933 |    939 |    951 |    993 |   1011 |   1041 |   1047 |   1059 |   1077 |   1101 |   1119 |   1137 |   1149 |   1167 |   1191 |   1203 |   1227 |   1257 |   1263 |   1293 |   1299 |   1317 |   1329 |   1347 |   1371 |   1383 |   1389 |   1401 |   1437 |   1461 |   1473 |   1497 |   1509 |   1527 |   1563 |   1569 |   1623 |
|   5 |   10 |   15 |   25 |   35 |   55 |   65 |   85 |    95 |   115 |   145 |   155 |   185 |   205 |   215 |   235 |   265 |   295 |   305 |   335 |   355 |   365 |   395 |   415 |   445 |   485 |   505 |   515 |   535 |   545 |   565 |   635 |   655 |   685 |   695 |   745 |   755 |   785 |   815 |   835 |   865 |   895 |   905 |    955 |    965 |    985 |    995 |   1055 |   1115 |   1135 |   1145 |   1165 |   1195 |   1205 |   1255 |   1285 |   1315 |   1345 |   1355 |   1385 |   1405 |   1415 |   1465 |   1535 |   1555 |   1565 |   1585 |   1655 |   1685 |   1735 |   1745 |   1765 |   1795 |   1835 |   1865 |   1895 |   1915 |   1945 |   1985 |   2005 |   2045 |   2095 |   2105 |   2155 |   2165 |   2195 |   2215 |   2245 |   2285 |   2305 |   2315 |   2335 |   2395 |   2435 |   2455 |   2495 |   2515 |   2545 |   2605 |   2615 |   2705 |
|   7 |   14 |   21 |   35 |   49 |   77 |   91 |  119 |   133 |   161 |   203 |   217 |   259 |   287 |   301 |   329 |   371 |   413 |   427 |   469 |   497 |   511 |   553 |   581 |   623 |   679 |   707 |   721 |   749 |   763 |   791 |   889 |   917 |   959 |   973 |  1043 |  1057 |  1099 |  1141 |  1169 |  1211 |  1253 |  1267 |   1337 |   1351 |   1379 |   1393 |   1477 |   1561 |   1589 |   1603 |   1631 |   1673 |   1687 |   1757 |   1799 |   1841 |   1883 |   1897 |   1939 |   1967 |   1981 |   2051 |   2149 |   2177 |   2191 |   2219 |   2317 |   2359 |   2429 |   2443 |   2471 |   2513 |   2569 |   2611 |   2653 |   2681 |   2723 |   2779 |   2807 |   2863 |   2933 |   2947 |   3017 |   3031 |   3073 |   3101 |   3143 |   3199 |   3227 |   3241 |   3269 |   3353 |   3409 |   3437 |   3493 |   3521 |   3563 |   3647 |   3661 |   3787 |
|  11 |   22 |   33 |   55 |   77 |  121 |  143 |  187 |   209 |   253 |   319 |   341 |   407 |   451 |   473 |   517 |   583 |   649 |   671 |   737 |   781 |   803 |   869 |   913 |   979 |  1067 |  1111 |  1133 |  1177 |  1199 |  1243 |  1397 |  1441 |  1507 |  1529 |  1639 |  1661 |  1727 |  1793 |  1837 |  1903 |  1969 |  1991 |   2101 |   2123 |   2167 |   2189 |   2321 |   2453 |   2497 |   2519 |   2563 |   2629 |   2651 |   2761 |   2827 |   2893 |   2959 |   2981 |   3047 |   3091 |   3113 |   3223 |   3377 |   3421 |   3443 |   3487 |   3641 |   3707 |   3817 |   3839 |   3883 |   3949 |   4037 |   4103 |   4169 |   4213 |   4279 |   4367 |   4411 |   4499 |   4609 |   4631 |   4741 |   4763 |   4829 |   4873 |   4939 |   5027 |   5071 |   5093 |   5137 |   5269 |   5357 |   5401 |   5489 |   5533 |   5599 |   5731 |   5753 |   5951 |
|  13 |   26 |   39 |   65 |   91 |  143 |  169 |  221 |   247 |   299 |   377 |   403 |   481 |   533 |   559 |   611 |   689 |   767 |   793 |   871 |   923 |   949 |  1027 |  1079 |  1157 |  1261 |  1313 |  1339 |  1391 |  1417 |  1469 |  1651 |  1703 |  1781 |  1807 |  1937 |  1963 |  2041 |  2119 |  2171 |  2249 |  2327 |  2353 |   2483 |   2509 |   2561 |   2587 |   2743 |   2899 |   2951 |   2977 |   3029 |   3107 |   3133 |   3263 |   3341 |   3419 |   3497 |   3523 |   3601 |   3653 |   3679 |   3809 |   3991 |   4043 |   4069 |   4121 |   4303 |   4381 |   4511 |   4537 |   4589 |   4667 |   4771 |   4849 |   4927 |   4979 |   5057 |   5161 |   5213 |   5317 |   5447 |   5473 |   5603 |   5629 |   5707 |   5759 |   5837 |   5941 |   5993 |   6019 |   6071 |   6227 |   6331 |   6383 |   6487 |   6539 |   6617 |   6773 |   6799 |   7033 |
|  17 |   34 |   51 |   85 |  119 |  187 |  221 |  289 |   323 |   391 |   493 |   527 |   629 |   697 |   731 |   799 |   901 |  1003 |  1037 |  1139 |  1207 |  1241 |  1343 |  1411 |  1513 |  1649 |  1717 |  1751 |  1819 |  1853 |  1921 |  2159 |  2227 |  2329 |  2363 |  2533 |  2567 |  2669 |  2771 |  2839 |  2941 |  3043 |  3077 |   3247 |   3281 |   3349 |   3383 |   3587 |   3791 |   3859 |   3893 |   3961 |   4063 |   4097 |   4267 |   4369 |   4471 |   4573 |   4607 |   4709 |   4777 |   4811 |   4981 |   5219 |   5287 |   5321 |   5389 |   5627 |   5729 |   5899 |   5933 |   6001 |   6103 |   6239 |   6341 |   6443 |   6511 |   6613 |   6749 |   6817 |   6953 |   7123 |   7157 |   7327 |   7361 |   7463 |   7531 |   7633 |   7769 |   7837 |   7871 |   7939 |   8143 |   8279 |   8347 |   8483 |   8551 |   8653 |   8857 |   8891 |   9197 |
|  19 |   38 |   57 |   95 |  133 |  209 |  247 |  323 |   361 |   437 |   551 |   589 |   703 |   779 |   817 |   893 |  1007 |  1121 |  1159 |  1273 |  1349 |  1387 |  1501 |  1577 |  1691 |  1843 |  1919 |  1957 |  2033 |  2071 |  2147 |  2413 |  2489 |  2603 |  2641 |  2831 |  2869 |  2983 |  3097 |  3173 |  3287 |  3401 |  3439 |   3629 |   3667 |   3743 |   3781 |   4009 |   4237 |   4313 |   4351 |   4427 |   4541 |   4579 |   4769 |   4883 |   4997 |   5111 |   5149 |   5263 |   5339 |   5377 |   5567 |   5833 |   5909 |   5947 |   6023 |   6289 |   6403 |   6593 |   6631 |   6707 |   6821 |   6973 |   7087 |   7201 |   7277 |   7391 |   7543 |   7619 |   7771 |   7961 |   7999 |   8189 |   8227 |   8341 |   8417 |   8531 |   8683 |   8759 |   8797 |   8873 |   9101 |   9253 |   9329 |   9481 |   9557 |   9671 |   9899 |   9937 |  10279 |
|  23 |   46 |   69 |  115 |  161 |  253 |  299 |  391 |   437 |   529 |   667 |   713 |   851 |   943 |   989 |  1081 |  1219 |  1357 |  1403 |  1541 |  1633 |  1679 |  1817 |  1909 |  2047 |  2231 |  2323 |  2369 |  2461 |  2507 |  2599 |  2921 |  3013 |  3151 |  3197 |  3427 |  3473 |  3611 |  3749 |  3841 |  3979 |  4117 |  4163 |   4393 |   4439 |   4531 |   4577 |   4853 |   5129 |   5221 |   5267 |   5359 |   5497 |   5543 |   5773 |   5911 |   6049 |   6187 |   6233 |   6371 |   6463 |   6509 |   6739 |   7061 |   7153 |   7199 |   7291 |   7613 |   7751 |   7981 |   8027 |   8119 |   8257 |   8441 |   8579 |   8717 |   8809 |   8947 |   9131 |   9223 |   9407 |   9637 |   9683 |   9913 |   9959 |  10097 |  10189 |  10327 |  10511 |  10603 |  10649 |  10741 |  11017 |  11201 |  11293 |  11477 |  11569 |  11707 |  11983 |  12029 |  12443 |
|  29 |   58 |   87 |  145 |  203 |  319 |  377 |  493 |   551 |   667 |   841 |   899 |  1073 |  1189 |  1247 |  1363 |  1537 |  1711 |  1769 |  1943 |  2059 |  2117 |  2291 |  2407 |  2581 |  2813 |  2929 |  2987 |  3103 |  3161 |  3277 |  3683 |  3799 |  3973 |  4031 |  4321 |  4379 |  4553 |  4727 |  4843 |  5017 |  5191 |  5249 |   5539 |   5597 |   5713 |   5771 |   6119 |   6467 |   6583 |   6641 |   6757 |   6931 |   6989 |   7279 |   7453 |   7627 |   7801 |   7859 |   8033 |   8149 |   8207 |   8497 |   8903 |   9019 |   9077 |   9193 |   9599 |   9773 |  10063 |  10121 |  10237 |  10411 |  10643 |  10817 |  10991 |  11107 |  11281 |  11513 |  11629 |  11861 |  12151 |  12209 |  12499 |  12557 |  12731 |  12847 |  13021 |  13253 |  13369 |  13427 |  13543 |  13891 |  14123 |  14239 |  14471 |  14587 |  14761 |  15109 |  15167 |  15689 |
|  31 |   62 |   93 |  155 |  217 |  341 |  403 |  527 |   589 |   713 |   899 |   961 |  1147 |  1271 |  1333 |  1457 |  1643 |  1829 |  1891 |  2077 |  2201 |  2263 |  2449 |  2573 |  2759 |  3007 |  3131 |  3193 |  3317 |  3379 |  3503 |  3937 |  4061 |  4247 |  4309 |  4619 |  4681 |  4867 |  5053 |  5177 |  5363 |  5549 |  5611 |   5921 |   5983 |   6107 |   6169 |   6541 |   6913 |   7037 |   7099 |   7223 |   7409 |   7471 |   7781 |   7967 |   8153 |   8339 |   8401 |   8587 |   8711 |   8773 |   9083 |   9517 |   9641 |   9703 |   9827 |  10261 |  10447 |  10757 |  10819 |  10943 |  11129 |  11377 |  11563 |  11749 |  11873 |  12059 |  12307 |  12431 |  12679 |  12989 |  13051 |  13361 |  13423 |  13609 |  13733 |  13919 |  14167 |  14291 |  14353 |  14477 |  14849 |  15097 |  15221 |  15469 |  15593 |  15779 |  16151 |  16213 |  16771 |
|  37 |   74 |  111 |  185 |  259 |  407 |  481 |  629 |   703 |   851 |  1073 |  1147 |  1369 |  1517 |  1591 |  1739 |  1961 |  2183 |  2257 |  2479 |  2627 |  2701 |  2923 |  3071 |  3293 |  3589 |  3737 |  3811 |  3959 |  4033 |  4181 |  4699 |  4847 |  5069 |  5143 |  5513 |  5587 |  5809 |  6031 |  6179 |  6401 |  6623 |  6697 |   7067 |   7141 |   7289 |   7363 |   7807 |   8251 |   8399 |   8473 |   8621 |   8843 |   8917 |   9287 |   9509 |   9731 |   9953 |  10027 |  10249 |  10397 |  10471 |  10841 |  11359 |  11507 |  11581 |  11729 |  12247 |  12469 |  12839 |  12913 |  13061 |  13283 |  13579 |  13801 |  14023 |  14171 |  14393 |  14689 |  14837 |  15133 |  15503 |  15577 |  15947 |  16021 |  16243 |  16391 |  16613 |  16909 |  17057 |  17131 |  17279 |  17723 |  18019 |  18167 |  18463 |  18611 |  18833 |  19277 |  19351 |  20017 |
|  41 |   82 |  123 |  205 |  287 |  451 |  533 |  697 |   779 |   943 |  1189 |  1271 |  1517 |  1681 |  1763 |  1927 |  2173 |  2419 |  2501 |  2747 |  2911 |  2993 |  3239 |  3403 |  3649 |  3977 |  4141 |  4223 |  4387 |  4469 |  4633 |  5207 |  5371 |  5617 |  5699 |  6109 |  6191 |  6437 |  6683 |  6847 |  7093 |  7339 |  7421 |   7831 |   7913 |   8077 |   8159 |   8651 |   9143 |   9307 |   9389 |   9553 |   9799 |   9881 |  10291 |  10537 |  10783 |  11029 |  11111 |  11357 |  11521 |  11603 |  12013 |  12587 |  12751 |  12833 |  12997 |  13571 |  13817 |  14227 |  14309 |  14473 |  14719 |  15047 |  15293 |  15539 |  15703 |  15949 |  16277 |  16441 |  16769 |  17179 |  17261 |  17671 |  17753 |  17999 |  18163 |  18409 |  18737 |  18901 |  18983 |  19147 |  19639 |  19967 |  20131 |  20459 |  20623 |  20869 |  21361 |  21443 |  22181 |
|  43 |   86 |  129 |  215 |  301 |  473 |  559 |  731 |   817 |   989 |  1247 |  1333 |  1591 |  1763 |  1849 |  2021 |  2279 |  2537 |  2623 |  2881 |  3053 |  3139 |  3397 |  3569 |  3827 |  4171 |  4343 |  4429 |  4601 |  4687 |  4859 |  5461 |  5633 |  5891 |  5977 |  6407 |  6493 |  6751 |  7009 |  7181 |  7439 |  7697 |  7783 |   8213 |   8299 |   8471 |   8557 |   9073 |   9589 |   9761 |   9847 |  10019 |  10277 |  10363 |  10793 |  11051 |  11309 |  11567 |  11653 |  11911 |  12083 |  12169 |  12599 |  13201 |  13373 |  13459 |  13631 |  14233 |  14491 |  14921 |  15007 |  15179 |  15437 |  15781 |  16039 |  16297 |  16469 |  16727 |  17071 |  17243 |  17587 |  18017 |  18103 |  18533 |  18619 |  18877 |  19049 |  19307 |  19651 |  19823 |  19909 |  20081 |  20597 |  20941 |  21113 |  21457 |  21629 |  21887 |  22403 |  22489 |  23263 |
|  47 |   94 |  141 |  235 |  329 |  517 |  611 |  799 |   893 |  1081 |  1363 |  1457 |  1739 |  1927 |  2021 |  2209 |  2491 |  2773 |  2867 |  3149 |  3337 |  3431 |  3713 |  3901 |  4183 |  4559 |  4747 |  4841 |  5029 |  5123 |  5311 |  5969 |  6157 |  6439 |  6533 |  7003 |  7097 |  7379 |  7661 |  7849 |  8131 |  8413 |  8507 |   8977 |   9071 |   9259 |   9353 |   9917 |  10481 |  10669 |  10763 |  10951 |  11233 |  11327 |  11797 |  12079 |  12361 |  12643 |  12737 |  13019 |  13207 |  13301 |  13771 |  14429 |  14617 |  14711 |  14899 |  15557 |  15839 |  16309 |  16403 |  16591 |  16873 |  17249 |  17531 |  17813 |  18001 |  18283 |  18659 |  18847 |  19223 |  19693 |  19787 |  20257 |  20351 |  20633 |  20821 |  21103 |  21479 |  21667 |  21761 |  21949 |  22513 |  22889 |  23077 |  23453 |  23641 |  23923 |  24487 |  24581 |  25427 |
|  53 |  106 |  159 |  265 |  371 |  583 |  689 |  901 |  1007 |  1219 |  1537 |  1643 |  1961 |  2173 |  2279 |  2491 |  2809 |  3127 |  3233 |  3551 |  3763 |  3869 |  4187 |  4399 |  4717 |  5141 |  5353 |  5459 |  5671 |  5777 |  5989 |  6731 |  6943 |  7261 |  7367 |  7897 |  8003 |  8321 |  8639 |  8851 |  9169 |  9487 |  9593 |  10123 |  10229 |  10441 |  10547 |  11183 |  11819 |  12031 |  12137 |  12349 |  12667 |  12773 |  13303 |  13621 |  13939 |  14257 |  14363 |  14681 |  14893 |  14999 |  15529 |  16271 |  16483 |  16589 |  16801 |  17543 |  17861 |  18391 |  18497 |  18709 |  19027 |  19451 |  19769 |  20087 |  20299 |  20617 |  21041 |  21253 |  21677 |  22207 |  22313 |  22843 |  22949 |  23267 |  23479 |  23797 |  24221 |  24433 |  24539 |  24751 |  25387 |  25811 |  26023 |  26447 |  26659 |  26977 |  27613 |  27719 |  28673 |
|  59 |  118 |  177 |  295 |  413 |  649 |  767 | 1003 |  1121 |  1357 |  1711 |  1829 |  2183 |  2419 |  2537 |  2773 |  3127 |  3481 |  3599 |  3953 |  4189 |  4307 |  4661 |  4897 |  5251 |  5723 |  5959 |  6077 |  6313 |  6431 |  6667 |  7493 |  7729 |  8083 |  8201 |  8791 |  8909 |  9263 |  9617 |  9853 | 10207 | 10561 | 10679 |  11269 |  11387 |  11623 |  11741 |  12449 |  13157 |  13393 |  13511 |  13747 |  14101 |  14219 |  14809 |  15163 |  15517 |  15871 |  15989 |  16343 |  16579 |  16697 |  17287 |  18113 |  18349 |  18467 |  18703 |  19529 |  19883 |  20473 |  20591 |  20827 |  21181 |  21653 |  22007 |  22361 |  22597 |  22951 |  23423 |  23659 |  24131 |  24721 |  24839 |  25429 |  25547 |  25901 |  26137 |  26491 |  26963 |  27199 |  27317 |  27553 |  28261 |  28733 |  28969 |  29441 |  29677 |  30031 |  30739 |  30857 |  31919 |
|  61 |  122 |  183 |  305 |  427 |  671 |  793 | 1037 |  1159 |  1403 |  1769 |  1891 |  2257 |  2501 |  2623 |  2867 |  3233 |  3599 |  3721 |  4087 |  4331 |  4453 |  4819 |  5063 |  5429 |  5917 |  6161 |  6283 |  6527 |  6649 |  6893 |  7747 |  7991 |  8357 |  8479 |  9089 |  9211 |  9577 |  9943 | 10187 | 10553 | 10919 | 11041 |  11651 |  11773 |  12017 |  12139 |  12871 |  13603 |  13847 |  13969 |  14213 |  14579 |  14701 |  15311 |  15677 |  16043 |  16409 |  16531 |  16897 |  17141 |  17263 |  17873 |  18727 |  18971 |  19093 |  19337 |  20191 |  20557 |  21167 |  21289 |  21533 |  21899 |  22387 |  22753 |  23119 |  23363 |  23729 |  24217 |  24461 |  24949 |  25559 |  25681 |  26291 |  26413 |  26779 |  27023 |  27389 |  27877 |  28121 |  28243 |  28487 |  29219 |  29707 |  29951 |  30439 |  30683 |  31049 |  31781 |  31903 |  33001 |
|  67 |  134 |  201 |  335 |  469 |  737 |  871 | 1139 |  1273 |  1541 |  1943 |  2077 |  2479 |  2747 |  2881 |  3149 |  3551 |  3953 |  4087 |  4489 |  4757 |  4891 |  5293 |  5561 |  5963 |  6499 |  6767 |  6901 |  7169 |  7303 |  7571 |  8509 |  8777 |  9179 |  9313 |  9983 | 10117 | 10519 | 10921 | 11189 | 11591 | 11993 | 12127 |  12797 |  12931 |  13199 |  13333 |  14137 |  14941 |  15209 |  15343 |  15611 |  16013 |  16147 |  16817 |  17219 |  17621 |  18023 |  18157 |  18559 |  18827 |  18961 |  19631 |  20569 |  20837 |  20971 |  21239 |  22177 |  22579 |  23249 |  23383 |  23651 |  24053 |  24589 |  24991 |  25393 |  25661 |  26063 |  26599 |  26867 |  27403 |  28073 |  28207 |  28877 |  29011 |  29413 |  29681 |  30083 |  30619 |  30887 |  31021 |  31289 |  32093 |  32629 |  32897 |  33433 |  33701 |  34103 |  34907 |  35041 |  36247 |
|  71 |  142 |  213 |  355 |  497 |  781 |  923 | 1207 |  1349 |  1633 |  2059 |  2201 |  2627 |  2911 |  3053 |  3337 |  3763 |  4189 |  4331 |  4757 |  5041 |  5183 |  5609 |  5893 |  6319 |  6887 |  7171 |  7313 |  7597 |  7739 |  8023 |  9017 |  9301 |  9727 |  9869 | 10579 | 10721 | 11147 | 11573 | 11857 | 12283 | 12709 | 12851 |  13561 |  13703 |  13987 |  14129 |  14981 |  15833 |  16117 |  16259 |  16543 |  16969 |  17111 |  17821 |  18247 |  18673 |  19099 |  19241 |  19667 |  19951 |  20093 |  20803 |  21797 |  22081 |  22223 |  22507 |  23501 |  23927 |  24637 |  24779 |  25063 |  25489 |  26057 |  26483 |  26909 |  27193 |  27619 |  28187 |  28471 |  29039 |  29749 |  29891 |  30601 |  30743 |  31169 |  31453 |  31879 |  32447 |  32731 |  32873 |  33157 |  34009 |  34577 |  34861 |  35429 |  35713 |  36139 |  36991 |  37133 |  38411 |
|  73 |  146 |  219 |  365 |  511 |  803 |  949 | 1241 |  1387 |  1679 |  2117 |  2263 |  2701 |  2993 |  3139 |  3431 |  3869 |  4307 |  4453 |  4891 |  5183 |  5329 |  5767 |  6059 |  6497 |  7081 |  7373 |  7519 |  7811 |  7957 |  8249 |  9271 |  9563 | 10001 | 10147 | 10877 | 11023 | 11461 | 11899 | 12191 | 12629 | 13067 | 13213 |  13943 |  14089 |  14381 |  14527 |  15403 |  16279 |  16571 |  16717 |  17009 |  17447 |  17593 |  18323 |  18761 |  19199 |  19637 |  19783 |  20221 |  20513 |  20659 |  21389 |  22411 |  22703 |  22849 |  23141 |  24163 |  24601 |  25331 |  25477 |  25769 |  26207 |  26791 |  27229 |  27667 |  27959 |  28397 |  28981 |  29273 |  29857 |  30587 |  30733 |  31463 |  31609 |  32047 |  32339 |  32777 |  33361 |  33653 |  33799 |  34091 |  34967 |  35551 |  35843 |  36427 |  36719 |  37157 |  38033 |  38179 |  39493 |
|  79 |  158 |  237 |  395 |  553 |  869 | 1027 | 1343 |  1501 |  1817 |  2291 |  2449 |  2923 |  3239 |  3397 |  3713 |  4187 |  4661 |  4819 |  5293 |  5609 |  5767 |  6241 |  6557 |  7031 |  7663 |  7979 |  8137 |  8453 |  8611 |  8927 | 10033 | 10349 | 10823 | 10981 | 11771 | 11929 | 12403 | 12877 | 13193 | 13667 | 14141 | 14299 |  15089 |  15247 |  15563 |  15721 |  16669 |  17617 |  17933 |  18091 |  18407 |  18881 |  19039 |  19829 |  20303 |  20777 |  21251 |  21409 |  21883 |  22199 |  22357 |  23147 |  24253 |  24569 |  24727 |  25043 |  26149 |  26623 |  27413 |  27571 |  27887 |  28361 |  28993 |  29467 |  29941 |  30257 |  30731 |  31363 |  31679 |  32311 |  33101 |  33259 |  34049 |  34207 |  34681 |  34997 |  35471 |  36103 |  36419 |  36577 |  36893 |  37841 |  38473 |  38789 |  39421 |  39737 |  40211 |  41159 |  41317 |  42739 |
|  83 |  166 |  249 |  415 |  581 |  913 | 1079 | 1411 |  1577 |  1909 |  2407 |  2573 |  3071 |  3403 |  3569 |  3901 |  4399 |  4897 |  5063 |  5561 |  5893 |  6059 |  6557 |  6889 |  7387 |  8051 |  8383 |  8549 |  8881 |  9047 |  9379 | 10541 | 10873 | 11371 | 11537 | 12367 | 12533 | 13031 | 13529 | 13861 | 14359 | 14857 | 15023 |  15853 |  16019 |  16351 |  16517 |  17513 |  18509 |  18841 |  19007 |  19339 |  19837 |  20003 |  20833 |  21331 |  21829 |  22327 |  22493 |  22991 |  23323 |  23489 |  24319 |  25481 |  25813 |  25979 |  26311 |  27473 |  27971 |  28801 |  28967 |  29299 |  29797 |  30461 |  30959 |  31457 |  31789 |  32287 |  32951 |  33283 |  33947 |  34777 |  34943 |  35773 |  35939 |  36437 |  36769 |  37267 |  37931 |  38263 |  38429 |  38761 |  39757 |  40421 |  40753 |  41417 |  41749 |  42247 |  43243 |  43409 |  44903 |
|  89 |  178 |  267 |  445 |  623 |  979 | 1157 | 1513 |  1691 |  2047 |  2581 |  2759 |  3293 |  3649 |  3827 |  4183 |  4717 |  5251 |  5429 |  5963 |  6319 |  6497 |  7031 |  7387 |  7921 |  8633 |  8989 |  9167 |  9523 |  9701 | 10057 | 11303 | 11659 | 12193 | 12371 | 13261 | 13439 | 13973 | 14507 | 14863 | 15397 | 15931 | 16109 |  16999 |  17177 |  17533 |  17711 |  18779 |  19847 |  20203 |  20381 |  20737 |  21271 |  21449 |  22339 |  22873 |  23407 |  23941 |  24119 |  24653 |  25009 |  25187 |  26077 |  27323 |  27679 |  27857 |  28213 |  29459 |  29993 |  30883 |  31061 |  31417 |  31951 |  32663 |  33197 |  33731 |  34087 |  34621 |  35333 |  35689 |  36401 |  37291 |  37469 |  38359 |  38537 |  39071 |  39427 |  39961 |  40673 |  41029 |  41207 |  41563 |  42631 |  43343 |  43699 |  44411 |  44767 |  45301 |  46369 |  46547 |  48149 |
|  97 |  194 |  291 |  485 |  679 | 1067 | 1261 | 1649 |  1843 |  2231 |  2813 |  3007 |  3589 |  3977 |  4171 |  4559 |  5141 |  5723 |  5917 |  6499 |  6887 |  7081 |  7663 |  8051 |  8633 |  9409 |  9797 |  9991 | 10379 | 10573 | 10961 | 12319 | 12707 | 13289 | 13483 | 14453 | 14647 | 15229 | 15811 | 16199 | 16781 | 17363 | 17557 |  18527 |  18721 |  19109 |  19303 |  20467 |  21631 |  22019 |  22213 |  22601 |  23183 |  23377 |  24347 |  24929 |  25511 |  26093 |  26287 |  26869 |  27257 |  27451 |  28421 |  29779 |  30167 |  30361 |  30749 |  32107 |  32689 |  33659 |  33853 |  34241 |  34823 |  35599 |  36181 |  36763 |  37151 |  37733 |  38509 |  38897 |  39673 |  40643 |  40837 |  41807 |  42001 |  42583 |  42971 |  43553 |  44329 |  44717 |  44911 |  45299 |  46463 |  47239 |  47627 |  48403 |  48791 |  49373 |  50537 |  50731 |  52477 |
| 101 |  202 |  303 |  505 |  707 | 1111 | 1313 | 1717 |  1919 |  2323 |  2929 |  3131 |  3737 |  4141 |  4343 |  4747 |  5353 |  5959 |  6161 |  6767 |  7171 |  7373 |  7979 |  8383 |  8989 |  9797 | 10201 | 10403 | 10807 | 11009 | 11413 | 12827 | 13231 | 13837 | 14039 | 15049 | 15251 | 15857 | 16463 | 16867 | 17473 | 18079 | 18281 |  19291 |  19493 |  19897 |  20099 |  21311 |  22523 |  22927 |  23129 |  23533 |  24139 |  24341 |  25351 |  25957 |  26563 |  27169 |  27371 |  27977 |  28381 |  28583 |  29593 |  31007 |  31411 |  31613 |  32017 |  33431 |  34037 |  35047 |  35249 |  35653 |  36259 |  37067 |  37673 |  38279 |  38683 |  39289 |  40097 |  40501 |  41309 |  42319 |  42521 |  43531 |  43733 |  44339 |  44743 |  45349 |  46157 |  46561 |  46763 |  47167 |  48379 |  49187 |  49591 |  50399 |  50803 |  51409 |  52621 |  52823 |  54641 |
| 103 |  206 |  309 |  515 |  721 | 1133 | 1339 | 1751 |  1957 |  2369 |  2987 |  3193 |  3811 |  4223 |  4429 |  4841 |  5459 |  6077 |  6283 |  6901 |  7313 |  7519 |  8137 |  8549 |  9167 |  9991 | 10403 | 10609 | 11021 | 11227 | 11639 | 13081 | 13493 | 14111 | 14317 | 15347 | 15553 | 16171 | 16789 | 17201 | 17819 | 18437 | 18643 |  19673 |  19879 |  20291 |  20497 |  21733 |  22969 |  23381 |  23587 |  23999 |  24617 |  24823 |  25853 |  26471 |  27089 |  27707 |  27913 |  28531 |  28943 |  29149 |  30179 |  31621 |  32033 |  32239 |  32651 |  34093 |  34711 |  35741 |  35947 |  36359 |  36977 |  37801 |  38419 |  39037 |  39449 |  40067 |  40891 |  41303 |  42127 |  43157 |  43363 |  44393 |  44599 |  45217 |  45629 |  46247 |  47071 |  47483 |  47689 |  48101 |  49337 |  50161 |  50573 |  51397 |  51809 |  52427 |  53663 |  53869 |  55723 |
| 107 |  214 |  321 |  535 |  749 | 1177 | 1391 | 1819 |  2033 |  2461 |  3103 |  3317 |  3959 |  4387 |  4601 |  5029 |  5671 |  6313 |  6527 |  7169 |  7597 |  7811 |  8453 |  8881 |  9523 | 10379 | 10807 | 11021 | 11449 | 11663 | 12091 | 13589 | 14017 | 14659 | 14873 | 15943 | 16157 | 16799 | 17441 | 17869 | 18511 | 19153 | 19367 |  20437 |  20651 |  21079 |  21293 |  22577 |  23861 |  24289 |  24503 |  24931 |  25573 |  25787 |  26857 |  27499 |  28141 |  28783 |  28997 |  29639 |  30067 |  30281 |  31351 |  32849 |  33277 |  33491 |  33919 |  35417 |  36059 |  37129 |  37343 |  37771 |  38413 |  39269 |  39911 |  40553 |  40981 |  41623 |  42479 |  42907 |  43763 |  44833 |  45047 |  46117 |  46331 |  46973 |  47401 |  48043 |  48899 |  49327 |  49541 |  49969 |  51253 |  52109 |  52537 |  53393 |  53821 |  54463 |  55747 |  55961 |  57887 |
| 109 |  218 |  327 |  545 |  763 | 1199 | 1417 | 1853 |  2071 |  2507 |  3161 |  3379 |  4033 |  4469 |  4687 |  5123 |  5777 |  6431 |  6649 |  7303 |  7739 |  7957 |  8611 |  9047 |  9701 | 10573 | 11009 | 11227 | 11663 | 11881 | 12317 | 13843 | 14279 | 14933 | 15151 | 16241 | 16459 | 17113 | 17767 | 18203 | 18857 | 19511 | 19729 |  20819 |  21037 |  21473 |  21691 |  22999 |  24307 |  24743 |  24961 |  25397 |  26051 |  26269 |  27359 |  28013 |  28667 |  29321 |  29539 |  30193 |  30629 |  30847 |  31937 |  33463 |  33899 |  34117 |  34553 |  36079 |  36733 |  37823 |  38041 |  38477 |  39131 |  40003 |  40657 |  41311 |  41747 |  42401 |  43273 |  43709 |  44581 |  45671 |  45889 |  46979 |  47197 |  47851 |  48287 |  48941 |  49813 |  50249 |  50467 |  50903 |  52211 |  53083 |  53519 |  54391 |  54827 |  55481 |  56789 |  57007 |  58969 |
| 113 |  226 |  339 |  565 |  791 | 1243 | 1469 | 1921 |  2147 |  2599 |  3277 |  3503 |  4181 |  4633 |  4859 |  5311 |  5989 |  6667 |  6893 |  7571 |  8023 |  8249 |  8927 |  9379 | 10057 | 10961 | 11413 | 11639 | 12091 | 12317 | 12769 | 14351 | 14803 | 15481 | 15707 | 16837 | 17063 | 17741 | 18419 | 18871 | 19549 | 20227 | 20453 |  21583 |  21809 |  22261 |  22487 |  23843 |  25199 |  25651 |  25877 |  26329 |  27007 |  27233 |  28363 |  29041 |  29719 |  30397 |  30623 |  31301 |  31753 |  31979 |  33109 |  34691 |  35143 |  35369 |  35821 |  37403 |  38081 |  39211 |  39437 |  39889 |  40567 |  41471 |  42149 |  42827 |  43279 |  43957 |  44861 |  45313 |  46217 |  47347 |  47573 |  48703 |  48929 |  49607 |  50059 |  50737 |  51641 |  52093 |  52319 |  52771 |  54127 |  55031 |  55483 |  56387 |  56839 |  57517 |  58873 |  59099 |  61133 |
| 127 |  254 |  381 |  635 |  889 | 1397 | 1651 | 2159 |  2413 |  2921 |  3683 |  3937 |  4699 |  5207 |  5461 |  5969 |  6731 |  7493 |  7747 |  8509 |  9017 |  9271 | 10033 | 10541 | 11303 | 12319 | 12827 | 13081 | 13589 | 13843 | 14351 | 16129 | 16637 | 17399 | 17653 | 18923 | 19177 | 19939 | 20701 | 21209 | 21971 | 22733 | 22987 |  24257 |  24511 |  25019 |  25273 |  26797 |  28321 |  28829 |  29083 |  29591 |  30353 |  30607 |  31877 |  32639 |  33401 |  34163 |  34417 |  35179 |  35687 |  35941 |  37211 |  38989 |  39497 |  39751 |  40259 |  42037 |  42799 |  44069 |  44323 |  44831 |  45593 |  46609 |  47371 |  48133 |  48641 |  49403 |  50419 |  50927 |  51943 |  53213 |  53467 |  54737 |  54991 |  55753 |  56261 |  57023 |  58039 |  58547 |  58801 |  59309 |  60833 |  61849 |  62357 |  63373 |  63881 |  64643 |  66167 |  66421 |  68707 |
| 131 |  262 |  393 |  655 |  917 | 1441 | 1703 | 2227 |  2489 |  3013 |  3799 |  4061 |  4847 |  5371 |  5633 |  6157 |  6943 |  7729 |  7991 |  8777 |  9301 |  9563 | 10349 | 10873 | 11659 | 12707 | 13231 | 13493 | 14017 | 14279 | 14803 | 16637 | 17161 | 17947 | 18209 | 19519 | 19781 | 20567 | 21353 | 21877 | 22663 | 23449 | 23711 |  25021 |  25283 |  25807 |  26069 |  27641 |  29213 |  29737 |  29999 |  30523 |  31309 |  31571 |  32881 |  33667 |  34453 |  35239 |  35501 |  36287 |  36811 |  37073 |  38383 |  40217 |  40741 |  41003 |  41527 |  43361 |  44147 |  45457 |  45719 |  46243 |  47029 |  48077 |  48863 |  49649 |  50173 |  50959 |  52007 |  52531 |  53579 |  54889 |  55151 |  56461 |  56723 |  57509 |  58033 |  58819 |  59867 |  60391 |  60653 |  61177 |  62749 |  63797 |  64321 |  65369 |  65893 |  66679 |  68251 |  68513 |  70871 |
| 137 |  274 |  411 |  685 |  959 | 1507 | 1781 | 2329 |  2603 |  3151 |  3973 |  4247 |  5069 |  5617 |  5891 |  6439 |  7261 |  8083 |  8357 |  9179 |  9727 | 10001 | 10823 | 11371 | 12193 | 13289 | 13837 | 14111 | 14659 | 14933 | 15481 | 17399 | 17947 | 18769 | 19043 | 20413 | 20687 | 21509 | 22331 | 22879 | 23701 | 24523 | 24797 |  26167 |  26441 |  26989 |  27263 |  28907 |  30551 |  31099 |  31373 |  31921 |  32743 |  33017 |  34387 |  35209 |  36031 |  36853 |  37127 |  37949 |  38497 |  38771 |  40141 |  42059 |  42607 |  42881 |  43429 |  45347 |  46169 |  47539 |  47813 |  48361 |  49183 |  50279 |  51101 |  51923 |  52471 |  53293 |  54389 |  54937 |  56033 |  57403 |  57677 |  59047 |  59321 |  60143 |  60691 |  61513 |  62609 |  63157 |  63431 |  63979 |  65623 |  66719 |  67267 |  68363 |  68911 |  69733 |  71377 |  71651 |  74117 |
| 139 |  278 |  417 |  695 |  973 | 1529 | 1807 | 2363 |  2641 |  3197 |  4031 |  4309 |  5143 |  5699 |  5977 |  6533 |  7367 |  8201 |  8479 |  9313 |  9869 | 10147 | 10981 | 11537 | 12371 | 13483 | 14039 | 14317 | 14873 | 15151 | 15707 | 17653 | 18209 | 19043 | 19321 | 20711 | 20989 | 21823 | 22657 | 23213 | 24047 | 24881 | 25159 |  26549 |  26827 |  27383 |  27661 |  29329 |  30997 |  31553 |  31831 |  32387 |  33221 |  33499 |  34889 |  35723 |  36557 |  37391 |  37669 |  38503 |  39059 |  39337 |  40727 |  42673 |  43229 |  43507 |  44063 |  46009 |  46843 |  48233 |  48511 |  49067 |  49901 |  51013 |  51847 |  52681 |  53237 |  54071 |  55183 |  55739 |  56851 |  58241 |  58519 |  59909 |  60187 |  61021 |  61577 |  62411 |  63523 |  64079 |  64357 |  64913 |  66581 |  67693 |  68249 |  69361 |  69917 |  70751 |  72419 |  72697 |  75199 |
| 149 |  298 |  447 |  745 | 1043 | 1639 | 1937 | 2533 |  2831 |  3427 |  4321 |  4619 |  5513 |  6109 |  6407 |  7003 |  7897 |  8791 |  9089 |  9983 | 10579 | 10877 | 11771 | 12367 | 13261 | 14453 | 15049 | 15347 | 15943 | 16241 | 16837 | 18923 | 19519 | 20413 | 20711 | 22201 | 22499 | 23393 | 24287 | 24883 | 25777 | 26671 | 26969 |  28459 |  28757 |  29353 |  29651 |  31439 |  33227 |  33823 |  34121 |  34717 |  35611 |  35909 |  37399 |  38293 |  39187 |  40081 |  40379 |  41273 |  41869 |  42167 |  43657 |  45743 |  46339 |  46637 |  47233 |  49319 |  50213 |  51703 |  52001 |  52597 |  53491 |  54683 |  55577 |  56471 |  57067 |  57961 |  59153 |  59749 |  60941 |  62431 |  62729 |  64219 |  64517 |  65411 |  66007 |  66901 |  68093 |  68689 |  68987 |  69583 |  71371 |  72563 |  73159 |  74351 |  74947 |  75841 |  77629 |  77927 |  80609 |
| 151 |  302 |  453 |  755 | 1057 | 1661 | 1963 | 2567 |  2869 |  3473 |  4379 |  4681 |  5587 |  6191 |  6493 |  7097 |  8003 |  8909 |  9211 | 10117 | 10721 | 11023 | 11929 | 12533 | 13439 | 14647 | 15251 | 15553 | 16157 | 16459 | 17063 | 19177 | 19781 | 20687 | 20989 | 22499 | 22801 | 23707 | 24613 | 25217 | 26123 | 27029 | 27331 |  28841 |  29143 |  29747 |  30049 |  31861 |  33673 |  34277 |  34579 |  35183 |  36089 |  36391 |  37901 |  38807 |  39713 |  40619 |  40921 |  41827 |  42431 |  42733 |  44243 |  46357 |  46961 |  47263 |  47867 |  49981 |  50887 |  52397 |  52699 |  53303 |  54209 |  55417 |  56323 |  57229 |  57833 |  58739 |  59947 |  60551 |  61759 |  63269 |  63571 |  65081 |  65383 |  66289 |  66893 |  67799 |  69007 |  69611 |  69913 |  70517 |  72329 |  73537 |  74141 |  75349 |  75953 |  76859 |  78671 |  78973 |  81691 |
| 157 |  314 |  471 |  785 | 1099 | 1727 | 2041 | 2669 |  2983 |  3611 |  4553 |  4867 |  5809 |  6437 |  6751 |  7379 |  8321 |  9263 |  9577 | 10519 | 11147 | 11461 | 12403 | 13031 | 13973 | 15229 | 15857 | 16171 | 16799 | 17113 | 17741 | 19939 | 20567 | 21509 | 21823 | 23393 | 23707 | 24649 | 25591 | 26219 | 27161 | 28103 | 28417 |  29987 |  30301 |  30929 |  31243 |  33127 |  35011 |  35639 |  35953 |  36581 |  37523 |  37837 |  39407 |  40349 |  41291 |  42233 |  42547 |  43489 |  44117 |  44431 |  46001 |  48199 |  48827 |  49141 |  49769 |  51967 |  52909 |  54479 |  54793 |  55421 |  56363 |  57619 |  58561 |  59503 |  60131 |  61073 |  62329 |  62957 |  64213 |  65783 |  66097 |  67667 |  67981 |  68923 |  69551 |  70493 |  71749 |  72377 |  72691 |  73319 |  75203 |  76459 |  77087 |  78343 |  78971 |  79913 |  81797 |  82111 |  84937 |
| 163 |  326 |  489 |  815 | 1141 | 1793 | 2119 | 2771 |  3097 |  3749 |  4727 |  5053 |  6031 |  6683 |  7009 |  7661 |  8639 |  9617 |  9943 | 10921 | 11573 | 11899 | 12877 | 13529 | 14507 | 15811 | 16463 | 16789 | 17441 | 17767 | 18419 | 20701 | 21353 | 22331 | 22657 | 24287 | 24613 | 25591 | 26569 | 27221 | 28199 | 29177 | 29503 |  31133 |  31459 |  32111 |  32437 |  34393 |  36349 |  37001 |  37327 |  37979 |  38957 |  39283 |  40913 |  41891 |  42869 |  43847 |  44173 |  45151 |  45803 |  46129 |  47759 |  50041 |  50693 |  51019 |  51671 |  53953 |  54931 |  56561 |  56887 |  57539 |  58517 |  59821 |  60799 |  61777 |  62429 |  63407 |  64711 |  65363 |  66667 |  68297 |  68623 |  70253 |  70579 |  71557 |  72209 |  73187 |  74491 |  75143 |  75469 |  76121 |  78077 |  79381 |  80033 |  81337 |  81989 |  82967 |  84923 |  85249 |  88183 |
| 167 |  334 |  501 |  835 | 1169 | 1837 | 2171 | 2839 |  3173 |  3841 |  4843 |  5177 |  6179 |  6847 |  7181 |  7849 |  8851 |  9853 | 10187 | 11189 | 11857 | 12191 | 13193 | 13861 | 14863 | 16199 | 16867 | 17201 | 17869 | 18203 | 18871 | 21209 | 21877 | 22879 | 23213 | 24883 | 25217 | 26219 | 27221 | 27889 | 28891 | 29893 | 30227 |  31897 |  32231 |  32899 |  33233 |  35237 |  37241 |  37909 |  38243 |  38911 |  39913 |  40247 |  41917 |  42919 |  43921 |  44923 |  45257 |  46259 |  46927 |  47261 |  48931 |  51269 |  51937 |  52271 |  52939 |  55277 |  56279 |  57949 |  58283 |  58951 |  59953 |  61289 |  62291 |  63293 |  63961 |  64963 |  66299 |  66967 |  68303 |  69973 |  70307 |  71977 |  72311 |  73313 |  73981 |  74983 |  76319 |  76987 |  77321 |  77989 |  79993 |  81329 |  81997 |  83333 |  84001 |  85003 |  87007 |  87341 |  90347 |
| 173 |  346 |  519 |  865 | 1211 | 1903 | 2249 | 2941 |  3287 |  3979 |  5017 |  5363 |  6401 |  7093 |  7439 |  8131 |  9169 | 10207 | 10553 | 11591 | 12283 | 12629 | 13667 | 14359 | 15397 | 16781 | 17473 | 17819 | 18511 | 18857 | 19549 | 21971 | 22663 | 23701 | 24047 | 25777 | 26123 | 27161 | 28199 | 28891 | 29929 | 30967 | 31313 |  33043 |  33389 |  34081 |  34427 |  36503 |  38579 |  39271 |  39617 |  40309 |  41347 |  41693 |  43423 |  44461 |  45499 |  46537 |  46883 |  47921 |  48613 |  48959 |  50689 |  53111 |  53803 |  54149 |  54841 |  57263 |  58301 |  60031 |  60377 |  61069 |  62107 |  63491 |  64529 |  65567 |  66259 |  67297 |  68681 |  69373 |  70757 |  72487 |  72833 |  74563 |  74909 |  75947 |  76639 |  77677 |  79061 |  79753 |  80099 |  80791 |  82867 |  84251 |  84943 |  86327 |  87019 |  88057 |  90133 |  90479 |  93593 |
| 179 |  358 |  537 |  895 | 1253 | 1969 | 2327 | 3043 |  3401 |  4117 |  5191 |  5549 |  6623 |  7339 |  7697 |  8413 |  9487 | 10561 | 10919 | 11993 | 12709 | 13067 | 14141 | 14857 | 15931 | 17363 | 18079 | 18437 | 19153 | 19511 | 20227 | 22733 | 23449 | 24523 | 24881 | 26671 | 27029 | 28103 | 29177 | 29893 | 30967 | 32041 | 32399 |  34189 |  34547 |  35263 |  35621 |  37769 |  39917 |  40633 |  40991 |  41707 |  42781 |  43139 |  44929 |  46003 |  47077 |  48151 |  48509 |  49583 |  50299 |  50657 |  52447 |  54953 |  55669 |  56027 |  56743 |  59249 |  60323 |  62113 |  62471 |  63187 |  64261 |  65693 |  66767 |  67841 |  68557 |  69631 |  71063 |  71779 |  73211 |  75001 |  75359 |  77149 |  77507 |  78581 |  79297 |  80371 |  81803 |  82519 |  82877 |  83593 |  85741 |  87173 |  87889 |  89321 |  90037 |  91111 |  93259 |  93617 |  96839 |
| 181 |  362 |  543 |  905 | 1267 | 1991 | 2353 | 3077 |  3439 |  4163 |  5249 |  5611 |  6697 |  7421 |  7783 |  8507 |  9593 | 10679 | 11041 | 12127 | 12851 | 13213 | 14299 | 15023 | 16109 | 17557 | 18281 | 18643 | 19367 | 19729 | 20453 | 22987 | 23711 | 24797 | 25159 | 26969 | 27331 | 28417 | 29503 | 30227 | 31313 | 32399 | 32761 |  34571 |  34933 |  35657 |  36019 |  38191 |  40363 |  41087 |  41449 |  42173 |  43259 |  43621 |  45431 |  46517 |  47603 |  48689 |  49051 |  50137 |  50861 |  51223 |  53033 |  55567 |  56291 |  56653 |  57377 |  59911 |  60997 |  62807 |  63169 |  63893 |  64979 |  66427 |  67513 |  68599 |  69323 |  70409 |  71857 |  72581 |  74029 |  75839 |  76201 |  78011 |  78373 |  79459 |  80183 |  81269 |  82717 |  83441 |  83803 |  84527 |  86699 |  88147 |  88871 |  90319 |  91043 |  92129 |  94301 |  94663 |  97921 |
| 191 |  382 |  573 |  955 | 1337 | 2101 | 2483 | 3247 |  3629 |  4393 |  5539 |  5921 |  7067 |  7831 |  8213 |  8977 | 10123 | 11269 | 11651 | 12797 | 13561 | 13943 | 15089 | 15853 | 16999 | 18527 | 19291 | 19673 | 20437 | 20819 | 21583 | 24257 | 25021 | 26167 | 26549 | 28459 | 28841 | 29987 | 31133 | 31897 | 33043 | 34189 | 34571 |  36481 |  36863 |  37627 |  38009 |  40301 |  42593 |  43357 |  43739 |  44503 |  45649 |  46031 |  47941 |  49087 |  50233 |  51379 |  51761 |  52907 |  53671 |  54053 |  55963 |  58637 |  59401 |  59783 |  60547 |  63221 |  64367 |  66277 |  66659 |  67423 |  68569 |  70097 |  71243 |  72389 |  73153 |  74299 |  75827 |  76591 |  78119 |  80029 |  80411 |  82321 |  82703 |  83849 |  84613 |  85759 |  87287 |  88051 |  88433 |  89197 |  91489 |  93017 |  93781 |  95309 |  96073 |  97219 |  99511 |  99893 | 103331 |
| 193 |  386 |  579 |  965 | 1351 | 2123 | 2509 | 3281 |  3667 |  4439 |  5597 |  5983 |  7141 |  7913 |  8299 |  9071 | 10229 | 11387 | 11773 | 12931 | 13703 | 14089 | 15247 | 16019 | 17177 | 18721 | 19493 | 19879 | 20651 | 21037 | 21809 | 24511 | 25283 | 26441 | 26827 | 28757 | 29143 | 30301 | 31459 | 32231 | 33389 | 34547 | 34933 |  36863 |  37249 |  38021 |  38407 |  40723 |  43039 |  43811 |  44197 |  44969 |  46127 |  46513 |  48443 |  49601 |  50759 |  51917 |  52303 |  53461 |  54233 |  54619 |  56549 |  59251 |  60023 |  60409 |  61181 |  63883 |  65041 |  66971 |  67357 |  68129 |  69287 |  70831 |  71989 |  73147 |  73919 |  75077 |  76621 |  77393 |  78937 |  80867 |  81253 |  83183 |  83569 |  84727 |  85499 |  86657 |  88201 |  88973 |  89359 |  90131 |  92447 |  93991 |  94763 |  96307 |  97079 |  98237 | 100553 | 100939 | 104413 |
